RED
20081212
0.117137 908824 6.00487d-4
0.117130 908976 5.99994d-4
0.117122 909153 6.02133d-4
0.117115 909283 6.03261d-4
0.117105 909477 6.0603d-4
0.117167 908202 5.97663d-4
0.117163 908273 5.97554d-4
0.117158 908374 5.97972d-4
0.117155 908443 5.99549d-4
0.117151 908601 6.00251d-4
0.117175 907764 5.97374d-4
0.117175 907798 5.96316d-4
0.117176 907771 5.97025d-4
0.117176 907774 5.96935d-4
0.117173 907999 5.97078d-4
0.117157 908046 5.98438d-4
0.117162 907953 5.9685d-4
0.117168 907838 5.98514d-4
0.117173 907725 5.97915d-4
0.117177 907878 5.95935d-4
0.117115 908813 6.01817d-4
0.117125 908619 6.008d-4
0.117133 908452 6.01504d-4
0.117143 908251 5.98667d-4
0.11715 908355 5.94149d-4
