RED
20081212
0.117137 908824 6.00487e-4 0. 0.
0.117130 908976 5.99994e-4 0. 0.
0.117122 909153 6.02133e-4 0. 0.
0.117115 909283 6.03261e-4 0. 0.
0.117105 909477 6.0603e-4 0. 0.
0.117167 908202 5.97663e-4 0. 0.
0.117163 908273 5.97554e-4 0. 0.
0.117158 908374 5.97972e-4 0. 0.
0.117155 908443 5.99549e-4 0. 0.
0.117151 908601 6.00251e-4 0. 0.
0.117175 907764 5.97374e-4 0. 0.
0.117175 907798 5.96316e-4 0. 0.
0.117176 907771 5.97025e-4 0. 0.
0.117176 907774 5.96935e-4 0. 0.
0.117173 907999 5.97078e-4 0. 0.
0.117157 908046 5.98438e-4 0. 0.
0.117162 907953 5.9685e-4 0. 0.
0.117168 907838 5.98514e-4 0. 0.
0.117173 907725 5.97915e-4 0. 0.
0.117177 907878 5.95935e-4 0. 0.
0.117115 908813 6.01817e-4 0. 0.
0.117125 908619 6.008e-4 0. 0.
0.117133 908452 6.01504e-4 0. 0.
0.117143 908251 5.98667e-4 0. 0.
0.11715 908355 5.94149e-4 0. 0.
