BLUE
20120401
0.117137 911824 6.00487e-4 0. 0.
0.117130 911976 5.99994e-4 0. 0.
0.117122 912153 6.02133e-4 0. 0.
0.117115 912283 6.03261e-4 0. 0.
0.117105 912477 6.0603e-4 0. 0.
0.117167 911202 5.97663e-4 0. 0.
0.117163 911273 5.97554e-4 0. 0.
0.117158 911374 5.97972e-4 0. 0.
0.117155 911443 5.99549e-4 0. 0.
0.117151 911601 6.00251e-4 0. 0.
0.117175 910764 5.97374e-4 0. 0.
0.117175 910798 5.96316e-4 0. 0.
0.117176 910771 5.97025e-4 0. 0.
0.117176 910774 5.96935e-4 0. 0.
0.117173 910999 5.97078e-4 0. 0.
0.117157 911046 5.98438e-4 0. 0.
0.117162 910953 5.9685e-4 0. 0.
0.117168 910838 5.98514e-4 0. 0.
0.117173 910725 5.97915e-4 0. 0.
0.117177 910878 5.95935e-4 0. 0.
0.117115 911813 6.01817e-4 0. 0.
0.117125 911619 6.008e-4 0. 0.
0.117133 911452 6.01504e-4 0. 0.
0.117143 911251 5.98667e-4 0. 0.
0.117150 911355 5.94149e-4 0. 0.
